# Blender v2.78 (sub 0) OBJ File: ''
# www.blender.org
mtllib stalker collider.mtl
o Cube_Cube.002
v -0.229416 0.026164 0.107980
v -0.229416 1.573622 0.107980
v -0.229416 0.026164 -0.107980
v -0.229416 1.573622 -0.107980
v 0.229416 0.026164 0.107980
v 0.229416 1.573622 0.107980
v 0.229416 0.026164 -0.107980
v 0.229416 1.573622 -0.107980
vn -1.0000 0.0000 0.0000
vn 0.0000 0.0000 -1.0000
vn 1.0000 0.0000 0.0000
vn 0.0000 0.0000 1.0000
vn 0.0000 -1.0000 0.0000
vn 0.0000 1.0000 0.0000
usemtl None
s off
f 2//1 3//1 1//1
f 4//2 7//2 3//2
f 8//3 5//3 7//3
f 6//4 1//4 5//4
f 7//5 1//5 3//5
f 4//6 6//6 8//6
f 2//1 4//1 3//1
f 4//2 8//2 7//2
f 8//3 6//3 5//3
f 6//4 2//4 1//4
f 7//5 5//5 1//5
f 4//6 2//6 6//6
o Cube.004_Cube.006
v -0.129670 0.947279 0.335761
v -0.129670 0.926891 0.104053
v -0.129670 0.926891 0.335761
v -0.129670 0.947279 0.104053
v 0.137817 0.926891 0.104053
v 0.137817 0.947279 0.104053
v 0.137817 0.926891 0.335761
v 0.137817 0.947279 0.335761
vn -1.0000 0.0000 0.0000
vn 0.0000 0.0000 -1.0000
vn 1.0000 0.0000 0.0000
vn 0.0000 0.0000 1.0000
vn 0.0000 -1.0000 0.0000
vn 0.0000 1.0000 0.0000
usemtl None
s off
f 9//7 10//7 11//7
f 12//8 13//8 10//8
f 14//9 15//9 13//9
f 16//10 11//10 15//10
f 13//11 11//11 10//11
f 12//12 16//12 14//12
f 9//7 12//7 10//7
f 12//8 14//8 13//8
f 14//9 16//9 15//9
f 16//10 9//10 11//10
f 13//11 15//11 11//11
f 12//12 9//12 16//12
o Cube.004_Cube.001
v 0.184793 1.254435 -0.115622
v 0.188334 1.234356 -0.246104
v 0.188334 1.234356 -0.115622
v 0.184793 1.254435 -0.246104
v 0.272847 1.249259 -0.246104
v 0.269307 1.269337 -0.246104
v 0.272847 1.249259 -0.115622
v 0.269307 1.269337 -0.115622
vn -0.9848 -0.1737 0.0000
vn 0.0000 0.0000 -1.0000
vn 0.9848 0.1736 0.0000
vn 0.0000 0.0000 1.0000
vn 0.1737 -0.9848 0.0000
vn -0.1736 0.9848 0.0000
usemtl None.003
s off
f 17//13 18//13 19//13
f 20//14 21//14 18//14
f 22//15 23//15 21//15
f 24//16 19//16 23//16
f 21//17 19//17 18//17
f 20//18 24//18 22//18
f 17//13 20//13 18//13
f 20//14 22//14 21//14
f 22//15 24//15 23//15
f 24//16 17//16 19//16
f 21//17 23//17 19//17
f 20//18 17//18 24//18
o Cube.004_Cube.000
v -0.320657 1.167366 -0.115622
v -0.317117 1.147288 -0.246104
v -0.317117 1.147288 -0.115622
v -0.320657 1.167366 -0.246104
v 0.085377 1.218259 -0.246104
v 0.081836 1.238337 -0.246104
v 0.085377 1.218259 -0.115622
v 0.081836 1.238337 -0.115622
vn -0.9848 -0.1736 0.0000
vn 0.0000 0.0000 -1.0000
vn 0.9848 0.1737 0.0000
vn 0.0000 -0.0000 1.0000
vn 0.1736 -0.9848 0.0000
vn -0.1736 0.9848 0.0000
usemtl None.002
s off
f 25//19 26//19 27//19
f 28//20 29//20 26//20
f 30//21 31//21 29//21
f 32//22 27//22 31//22
f 29//23 27//23 26//23
f 28//24 32//24 30//24
f 25//19 28//19 26//19
f 28//20 30//20 29//20
f 30//21 32//21 31//21
f 32//22 25//22 27//22
f 29//23 31//23 27//23
f 28//24 25//24 32//24
o Cube.003_Cube.000
v -0.234911 1.604929 0.278911
v -0.248504 1.602594 0.148429
v -0.248504 1.602594 0.278911
v -0.234911 1.604929 0.148429
v -0.130092 0.913464 0.148429
v -0.116500 0.915800 0.148429
v -0.130092 0.913464 0.278911
v -0.116500 0.915799 0.278911
vn -0.1693 0.9856 0.0000
vn 0.0000 0.0000 -1.0000
vn 0.1693 -0.9856 0.0000
vn -0.0000 -0.0000 1.0000
vn -0.9856 -0.1693 0.0000
vn 0.9856 0.1693 0.0000
usemtl None.001
s off
f 33//25 34//25 35//25
f 36//26 37//26 34//26
f 38//27 39//27 37//27
f 40//28 35//28 39//28
f 37//29 35//29 34//29
f 36//30 40//30 38//30
f 33//25 36//25 34//25
f 36//26 38//26 37//26
f 38//27 40//27 39//27
f 40//28 33//28 35//28
f 37//29 39//29 35//29
f 36//30 33//30 40//30
o Cube.003_Cube.007
v 0.259925 1.599518 0.301993
v 0.246342 1.601909 0.171511
v 0.246342 1.601909 0.301993
v 0.259925 1.599518 0.171511
v 0.125094 0.913273 0.171511
v 0.138677 0.910881 0.171511
v 0.125094 0.913273 0.301993
v 0.138677 0.910881 0.301993
vn 0.1734 0.9849 0.0000
vn 0.0000 0.0000 -1.0000
vn -0.1734 -0.9849 0.0000
vn 0.0000 -0.0000 1.0000
vn -0.9849 0.1734 0.0000
vn 0.9849 -0.1734 -0.0000
usemtl None
s off
f 41//31 42//31 43//31
f 44//32 45//32 42//32
f 46//33 47//33 45//33
f 48//34 43//34 47//34
f 45//35 43//35 42//35
f 44//36 48//36 46//36
f 41//31 44//31 42//31
f 44//32 46//32 45//32
f 46//33 48//33 47//33
f 48//34 41//34 43//34
f 45//35 47//35 43//35
f 44//36 41//36 48//36
o Cube.004_Cube.002
v -0.129670 0.950879 0.334469
v -0.129670 1.043376 0.337037
v -0.129670 0.955922 0.314714
v -0.129670 1.038333 0.356792
v 0.137817 1.043376 0.337037
v 0.137817 1.038333 0.356792
v 0.137817 0.955922 0.314714
v 0.137817 0.950879 0.334469
vn -1.0000 0.0000 0.0000
vn 0.0000 0.9689 0.2473
vn 1.0000 0.0000 0.0000
vn 0.0000 -0.9689 -0.2473
vn 0.0000 0.2473 -0.9689
vn 0.0000 -0.2473 0.9689
usemtl None.004
s off
f 49//37 50//37 51//37
f 52//38 53//38 50//38
f 54//39 55//39 53//39
f 56//40 51//40 55//40
f 53//41 51//41 50//41
f 52//42 56//42 54//42
f 49//37 52//37 50//37
f 52//38 54//38 53//38
f 54//39 56//39 55//39
f 56//40 49//40 51//40
f 53//41 55//41 51//41
f 52//42 49//42 56//42